# pieces = 26

=== N = 12 ===   (1.1s, 16859 pts)
sigma |  # pts |    mean | mode(  cnt) | min | max |    var
----------------------------------------------------------------------
  000 |    249 |   2.028 |    2(  144) |   1 |   3 |  0.421
  001 |    681 |   9.502 |   10(  342) |   9 |  10 |  0.250
  010 |    681 |   9.562 |    9(  448) |   9 |  11 |  0.687
  011 |   1434 |  21.871 |   22(  987) |  21 |  23 |  0.295
  100 |   1957 |   5.662 |    5( 1209) |   4 |   8 |  1.824
  101 |   3458 |  13.562 |   14( 2090) |  12 |  14 |  0.331
  110 |   3458 |  17.087 |   17( 1761) |  16 |  19 |  0.937
  111 |   4941 |  25.661 |   26( 3389) |  23 |  26 |  0.279

=== N = 13 ===   (1.8s, 26357 pts)
sigma |  # pts |    mean | mode(  cnt) | min | max |    var
----------------------------------------------------------------------
  000 |    315 |   2.076 |    2(  179) |   1 |   3 |  0.426
  001 |    930 |   9.526 |   10(  489) |   9 |  10 |  0.249
  010 |    930 |   9.598 |    9(  588) |   9 |  11 |  0.701
  011 |   2115 |  21.904 |   22( 1476) |  21 |  23 |  0.293
  100 |   2838 |   5.756 |    5( 1724) |   4 |   8 |  1.918
  101 |   5415 |  13.601 |   14( 3445) |  12 |  14 |  0.311
  110 |   5415 |  17.149 |   17( 2725) |  16 |  19 |  0.990
  111 |   8399 |  25.684 |   26( 5930) |  23 |  26 |  0.265

=== N = 14 ===   (2.7s, 40296 pts)
sigma |  # pts |    mean | mode(  cnt) | min | max |    var
----------------------------------------------------------------------
  000 |    396 |   2.114 |    2(  223) |   1 |   3 |  0.424
  001 |   1245 |   9.547 |   10(  681) |   9 |  10 |  0.248
  010 |   1245 |   9.632 |    9(  756) |   9 |  11 |  0.711
  011 |   3045 |  21.930 |   22( 2133) |  21 |  23 |  0.295
  100 |   4045 |   5.834 |    5( 2424) |   4 |   8 |  1.985
  101 |   8253 |  13.634 |   14( 5480) |  12 |  14 |  0.292
  110 |   8253 |  17.208 |   17( 4091) |  16 |  19 |  1.037
  111 |  13814 |  25.703 |   26( 9982) |  23 |  26 |  0.251

=== N = 15 ===   (4.0s, 60369 pts)
sigma |  # pts |    mean | mode(  cnt) | min | max |    var
----------------------------------------------------------------------
  000 |    489 |   2.153 |    2(  270) |   1 |   3 |  0.424
  001 |   1641 |   9.567 |   10(  930) |   9 |  10 |  0.246
  010 |   1641 |   9.662 |    9(  960) |   9 |  11 |  0.718
  011 |   4290 |  21.955 |   22( 3026) |  21 |  23 |  0.293
  100 |   5645 |   5.914 |    5( 3316) |   4 |   8 |  2.050
  101 |  12298 |  13.663 |   14( 8472) |  12 |  14 |  0.275
  110 |  12298 |  17.262 |   17( 6008) |  16 |  19 |  1.076
  111 |  22067 |  25.720 |   26(16274) |  23 |  26 |  0.239

Wrote /home/agent/projects/code/2026-06-11-stratum-verify/strata_extended_result.json


=== MODE CONSTANCY across N = 12, 13, 14, 15 ===
sigma | N=12 | N=13 | N=14 | N=15 | constant?
--------------------------------------------------
 000 |    2 |    2 |    2 |    2 | YES
 001 |   10 |   10 |   10 |   10 | YES
 010 |    9 |    9 |    9 |    9 | YES
 011 |   22 |   22 |   22 |   22 | YES
 100 |    5 |    5 |    5 |    5 | YES
 101 |   14 |   14 |   14 |   14 | YES
 110 |   17 |   17 |   17 |   17 | YES
 111 |   26 |   26 |   26 |   26 | YES

Mode multiset per N (sorted):
  N=12: (2, 5, 9, 10, 14, 17, 22, 26)
  N=13: (2, 5, 9, 10, 14, 17, 22, 26)
  N=14: (2, 5, 9, 10, 14, 17, 22, 26)
  N=15: (2, 5, 9, 10, 14, 17, 22, 26)

Day-62 expectation: (1, 5, 9, 9, 13, 17, 22, 26)
